Mx,My,Mz,Vx,Vy,Vz
130.37,126.95,0,0,0,1
130.5,126.99,0.38623,0.16189,0.050939,0.97032
130.49,127.06,0.89171,0.064138,0.086572,0.9885
130.54,127.16,1.3622,0.085393,0.15446,0.98169
130.5,127.18,1.865,0.0096161,0.093682,0.99074
130.4,127.04,2.3965,-0.088685,-0.078633,0.97258
130.13,126.93,2.86,-0.28819,-0.13977,0.92183
129.92,126.86,3.307,-0.35757,-0.14382,0.92032
129.73,126.81,3.7654,-0.37737,-0.12053,0.91767
129.51,126.77,4.2086,-0.41071,-0.10591,0.90477
129.29,126.71,4.6453,-0.42626,-0.1066,0.89814
129.03,126.65,5.0777,-0.46543,-0.11298,0.87669
128.75,126.57,5.4951,-0.5077,-0.13678,0.84876
128.44,126.46,5.8892,-0.56054,-0.17733,0.80497
128.1,126.3,6.2451,-0.60596,-0.24588,0.75001
127.77,126.09,6.5712,-0.63087,-0.32689,0.69643
127.46,125.83,6.8777,-0.62213,-0.41815,0.65409
127.16,125.54,7.1569,-0.61159,-0.49907,0.60656
126.91,125.19,7.4356,-0.55297,-0.59073,0.57657
126.66,124.81,7.6524,-0.52647,-0.67609,0.50206
126.41,124.39,7.8016,-0.50783,-0.75205,0.39969
126.19,123.94,7.9064,-0.46669,-0.82095,0.3041
126.01,123.47,7.9575,-0.41832,-0.87626,0.20379
125.84,122.98,7.9559,-0.3741,-0.91418,0.10113
125.7,122.5,7.9341,-0.32753,-0.94011,0.029428
125.6,122,7.9144,-0.26056,-0.96224,-0.0047848
125.49,121.51,7.822,-0.24092,-0.96192,-0.092493
125.36,121.03,7.7527,-0.25055,-0.96081,-0.11591
125.23,120.55,7.6806,-0.25172,-0.95899,-0.12956
125.1,120.07,7.6184,-0.26025,-0.95712,-0.12689
124.95,119.6,7.5621,-0.27675,-0.95325,-0.11995
124.8,119.13,7.5132,-0.29156,-0.95011,-0.10931
124.66,118.66,7.4704,-0.29056,-0.95176,-0.097942
124.5,118.19,7.4427,-0.30064,-0.95036,-0.076692
124.34,117.71,7.4304,-0.31461,-0.9474,-0.050675
124.18,117.25,7.4332,-0.32056,-0.94652,-0.022457
124.02,116.76,7.4422,-0.31463,-0.94898,-0.0025134
123.86,116.3,7.4461,-0.31622,-0.94867,0.0027191
123.73,115.84,7.4569,-0.2992,-0.95388,0.012787
123.61,115.36,7.4704,-0.27505,-0.96086,0.020162
123.48,114.88,7.4828,-0.2649,-0.96395,0.02254
123.35,114.41,7.5018,-0.266,-0.96345,0.030653
123.21,113.94,7.5512,-0.27547,-0.95836,0.065739
123.08,113.47,7.6392,-0.27135,-0.95317,0.12125
122.93,113,7.7398,-0.27898,-0.94574,0.16132
122.8,112.53,7.8393,-0.26765,-0.94646,0.17923
122.69,112.05,7.9665,-0.24699,-0.94382,0.2155
122.57,111.58,8.0949,-0.23939,-0.94164,0.23568
122.47,111.11,8.2499,-0.22165,-0.93566,0.27161
122.35,110.65,8.4058,-0.22869,-0.92834,0.29216
122.25,110.19,8.5984,-0.21954,-0.91503,0.33526
122.14,109.76,8.8281,-0.21574,-0.89022,0.39579
122.02,109.34,9.0714,-0.22635,-0.86618,0.4423
121.86,108.96,9.3596,-0.27335,-0.81105,0.50784
121.69,108.62,9.6544,-0.31504,-0.76043,0.56149
121.47,108.32,9.9992,-0.37485,-0.67987,0.61947
121.23,108.05,10.363,-0.42064,-0.60011,0.67202
121,107.83,10.742,-0.44582,-0.52929,0.71653
120.76,107.62,11.137,-0.46219,-0.47098,0.74824
120.52,107.42,11.532,-0.46749,-0.43575,0.76806
120.3,107.2,11.934,-0.44642,-0.43297,0.78268
120.06,106.99,12.309,-0.47018,-0.42682,0.77203
119.81,106.81,12.703,-0.48155,-0.39829,0.78005
119.55,106.66,13.097,-0.50598,-0.3489,0.78687
119.27,106.5,13.483,-0.53217,-0.33346,0.77755
118.98,106.35,13.86,-0.55801,-0.3173,0.76608
118.69,106.21,14.245,-0.56731,-0.30219,0.76585
118.39,106.07,14.623,-0.57994,-0.2862,0.76245
118.1,105.93,14.999,-0.58454,-0.28293,0.76041
117.79,105.81,15.368,-0.60669,-0.26265,0.74962
117.46,105.7,15.73,-0.62761,-0.24519,0.73832
117.14,105.59,16.097,-0.63786,-0.22679,0.7357
116.79,105.5,16.445,-0.66705,-0.20334,0.71547
116.45,105.42,16.793,-0.68063,-0.19,0.70726
116.1,105.34,17.133,-0.69418,-0.17539,0.69775
115.75,105.26,17.475,-0.70062,-0.16566,0.69393
115.39,105.19,17.814,-0.70994,-0.15317,0.68719
115.04,105.12,18.165,-0.70533,-0.14786,0.69322
114.69,105.05,18.521,-0.7007,-0.13696,0.70005
114.33,104.99,18.887,-0.6935,-0.13452,0.70771
113.99,104.92,19.247,-0.69098,-0.12989,0.71108
113.65,104.86,19.608,-0.68653,-0.12599,0.71606
113.29,104.81,19.956,-0.69847,-0.11547,0.70602
112.91,104.77,20.284,-0.72661,-0.10024,0.67839
112.53,104.72,20.609,-0.74097,-0.095964,0.66433
112.14,104.68,20.913,-0.76637,-0.089295,0.63494
111.72,104.62,21.2,-0.79114,-0.099306,0.60203
111.31,104.55,21.472,-0.81052,-0.12285,0.57103
110.88,104.48,21.733,-0.8267,-0.1361,0.54491
110.45,104.39,21.994,-0.83541,-0.15424,0.52685
110.03,104.31,22.266,-0.83091,-0.15607,0.534
109.63,104.22,22.538,-0.82304,-0.16487,0.54331
109.23,104.13,22.807,-0.82092,-0.17095,0.54482
108.83,104.05,23.093,-0.80991,-0.17494,0.55955
108.43,103.97,23.392,-0.80065,-0.15771,0.57739
108.05,103.89,23.712,-0.77814,-0.16196,0.60575
107.71,103.79,24.068,-0.72973,-0.17708,0.65649
107.41,103.69,24.456,-0.66395,-0.19555,0.71602
107.16,103.55,24.871,-0.58118,-0.23006,0.77325
106.97,103.39,25.299,-0.48293,-0.28454,0.81912
106.87,103.18,25.743,-0.34521,-0.34852,0.85706
106.89,102.97,26.206,-0.15104,-0.38716,0.88676
107.03,102.8,26.699,0.050747,-0.35651,0.90928
107.25,102.67,27.18,0.22777,-0.29436,0.90838
107.49,102.56,27.632,0.34719,-0.25668,0.89297
107.78,102.48,28.055,0.45049,-0.2074,0.86005
108.1,102.43,28.446,0.54015,-0.15618,0.81939
108.49,102.4,28.774,0.657,-0.10699,0.72975
108.9,102.38,29.085,0.72805,-0.068481,0.67501
109.34,102.37,29.342,0.7972,-0.046409,0.5916
109.78,102.38,29.577,0.84235,-0.013783,0.53257
110.2,102.4,29.772,0.87509,0.016077,0.4786
110.61,102.44,29.928,0.90613,0.044777,0.41335
111.06,102.51,30.068,0.92553,0.099837,0.35594
