Mx,My,Mz,Vx,Vy,Vz
1.4557,4.2588,-1.8989,0,0,1
1.4455,4.2685,-1.8377,-0.081122,0.077505,0.98725
1.4391,4.2751,-1.7852,-0.10151,0.10052,0.98928
1.4354,4.2806,-1.7356,-0.087238,0.10549,0.99047
1.4331,4.2839,-1.6857,-0.066428,0.08586,0.99367
1.4322,4.2864,-1.6352,-0.041971,0.067487,0.99636
1.432,4.2882,-1.5829,-0.023691,0.051502,0.99809
1.4321,4.2886,-1.5286,-0.010793,0.029005,0.99918
1.4324,4.2885,-1.476,-0.002142,0.013393,0.99975
1.4324,4.2876,-1.4247,-0.0016364,-0.0023662,0.99987
1.4324,4.286,-1.3743,-0.00052117,-0.017104,0.99974
1.4321,4.2843,-1.3242,-0.0029262,-0.025074,0.99965
1.4322,4.2821,-1.2744,-0.00052408,-0.034625,0.99935
1.4329,4.2781,-1.2253,0.0067347,-0.05848,0.99795
1.434,4.2714,-1.1765,0.01486,-0.097071,0.99438
1.4354,4.2569,-1.1277,0.020798,-0.1911,0.97665
1.4383,4.2268,-1.0865,0.038432,-0.38969,0.89427
1.4399,4.1889,-1.0515,0.03536,-0.56727,0.79649
1.4401,4.1433,-1.0251,0.020118,-0.72275,0.65722
1.4424,4.0935,-1.007,0.0324,-0.83912,0.50747
1.442,4.0436,-0.99405,0.01203,-0.91164,0.38388
1.441,3.9938,-0.9834,-0.0037862,-0.94961,0.29864
1.4413,3.9439,-0.9731,0.0010273,-0.96663,0.25109
1.4408,3.8933,-0.96405,-0.0039886,-0.97608,0.21388
1.4413,3.8431,-0.95645,0.0029674,-0.98281,0.18149
1.4413,3.7941,-0.9469,0.0010308,-0.98249,0.18624
1.4414,3.7456,-0.9389,0.0020421,-0.98456,0.17465
1.4411,3.6958,-0.9329,-0.0020008,-0.98872,0.14709
1.4407,3.6467,-0.93065,-0.0057234,-0.99401,0.096536
1.4403,3.5963,-0.9287,-0.0060917,-0.99726,0.067799
1.4416,3.543,-0.9293,0.0090306,-0.99866,0.028159
1.4454,3.4882,-0.92915,0.038513,-0.99862,0.015612
1.4496,3.436,-0.9296,0.060172,-0.99787,0.0033207
1.4562,3.3849,-0.92995,0.094294,-0.99494,-0.0015522
1.4678,3.3346,-0.9296,0.15884,-0.98513,0.0026903
1.4738,3.2843,-0.9285,0.13917,-0.98995,0.011906
1.4794,3.2355,-0.92785,0.12645,-0.99181,0.01286
1.4849,3.1867,-0.9264,0.11933,-0.99257,0.021204
1.4894,3.1383,-0.93015,0.1056,-0.99268,-0.028239
1.4912,3.0892,-0.9361,0.070903,-0.99308,-0.073938
1.49,3.0393,-0.9428,0.023936,-0.99276,-0.10374
1.4897,2.9904,-0.9499,0.0097233,-0.99193,-0.12395
1.4842,2.9422,-0.95905,-0.051462,-0.9843,-0.15423
1.4802,2.894,-0.9672,-0.067245,-0.98457,-0.16066
1.4742,2.8461,-0.97565,-0.09446,-0.98112,-0.16642
1.4672,2.7977,-0.98545,-0.11718,-0.97598,-0.18155
1.4621,2.7483,-0.99525,-0.10919,-0.97615,-0.18738
1.4546,2.699,-1.0041,-0.12859,-0.9748,-0.18115
1.4472,2.65,-1.0125,-0.13767,-0.97493,-0.17445
1.4388,2.6013,-1.019,-0.1538,-0.97591,-0.15232
1.4275,2.5534,-1.0244,-0.19116,-0.97182,-0.13101
1.4143,2.5057,-1.0206,-0.22794,-0.96695,-0.026328
1.3993,2.4599,-1.0065,-0.26416,-0.94275,0.12634
1.3875,2.4167,-0.98425,-0.25169,-0.90933,0.28675
1.3761,2.3788,-0.95155,-0.23924,-0.82982,0.46407
1.3644,2.3484,-0.9115,-0.23515,-0.71809,0.62428
1.3545,2.3266,-0.86445,-0.21379,-0.57325,0.76386
1.3463,2.3125,-0.8145,-0.18685,-0.42614,0.86587
1.339,2.3034,-0.76525,-0.16779,-0.30754,0.92671
1.3363,2.2977,-0.71515,-0.11097,-0.21136,0.96384
1.3378,2.2946,-0.66495,-0.040633,-0.13698,0.98417
1.3369,2.293,-0.61345,-0.029259,-0.084177,0.9945
1.3351,2.29,-0.56505,-0.033825,-0.072842,0.99669
1.3338,2.2866,-0.51735,-0.029682,-0.072768,0.9969
1.3321,2.2832,-0.4702,-0.033027,-0.072012,0.99685
1.3309,2.2804,-0.42215,-0.028835,-0.065705,0.99739
1.3296,2.2781,-0.37315,-0.028147,-0.055848,0.99799
1.3281,2.2761,-0.32365,-0.028507,-0.047677,0.99842
1.3264,2.2746,-0.27385,-0.032136,-0.039221,0.99867
1.3245,2.2733,-0.2243,-0.034788,-0.031947,0.99885
1.3226,2.2723,-0.1746,-0.036644,-0.026818,0.99895
1.3206,2.2713,-0.12455,-0.037944,-0.023558,0.999
1.3178,2.2693,-0.07475,-0.047595,-0.031633,0.99829
1.3141,2.2676,-0.02535,-0.060877,-0.032029,0.99754
1.305,2.2655,0.02515,-0.1189,-0.037069,0.99048
1.2876,2.2614,0.0725,-0.232,-0.059347,0.96364
1.2691,2.2507,0.1187,-0.29845,-0.13512,0.93904
1.2464,2.2362,0.1618,-0.373,-0.2101,0.89645
1.2222,2.2205,0.20335,-0.42715,-0.26141,0.86162
1.1966,2.2042,0.2437,-0.46771,-0.29236,0.83203
1.1688,2.1852,0.2819,-0.50662,-0.33356,0.79199
1.1403,2.1648,0.318,-0.53762,-0.36901,0.75581
1.1106,2.1429,0.3531,-0.56111,-0.39976,0.72303
1.0791,2.1201,0.38545,-0.59227,-0.42572,0.68162
1.0459,2.0989,0.4166,-0.62697,-0.42428,0.65176
1.0111,2.0774,0.44515,-0.66289,-0.42767,0.61221
0.9758,2.0531,0.47145,-0.68263,-0.45627,0.56804
0.9392,2.0294,0.49785,-0.70106,-0.46045,0.54364
0.90175,2.0071,0.5221,-0.72593,-0.45474,0.51454
0.8635,1.984,0.5442,-0.74708,-0.45851,0.47953
0.8251,1.9613,0.56615,-0.76003,-0.45776,0.46075
0.78585,1.939,0.58715,-0.77445,-0.45258,0.44135
0.7447,1.9176,0.6069,-0.79507,-0.43962,0.4164
0.7023,1.8977,0.62345,-0.82473,-0.41977,0.37501
0.6591,1.8746,0.632,-0.84713,-0.44272,0.27408
0.6152,1.8512,0.6373,-0.86485,-0.45625,0.19072
0.5715,1.8273,0.6403,-0.87206,-0.46826,0.12571
0.52735,1.804,0.64105,-0.87906,-0.46817,0.070378
0.48225,1.7817,0.64045,-0.88852,-0.45579,0.029187
0.4362,1.7597,0.63485,-0.89298,-0.44282,-0.039594
0.3907,1.7414,0.62885,-0.90791,-0.40747,-0.080634
0.3454,1.7222,0.6216,-0.91004,-0.3972,-0.11344
0.29885,1.7069,0.6139,-0.92468,-0.35241,-0.13455
0.251,1.6949,0.609,-0.94558,-0.29741,-0.11676
0.20185,1.6843,0.605,-0.96092,-0.25401,-0.098204
0.1527,1.6748,0.60125,-0.97066,-0.2215,-0.086368
0.1037,1.6657,0.59855,-0.97642,-0.20259,-0.070089
0.0545,1.6587,0.5944,-0.98177,-0.17088,-0.076529
0.00535,1.6505,0.5912,-0.98318,-0.16837,-0.070412
-0.0442,1.6439,0.58925,-0.98685,-0.15008,-0.055011
-0.0937,1.6372,0.5874,-0.98886,-0.14103,-0.045787
-0.1435,1.6311,0.5856,-0.99031,-0.1324,-0.040799
-0.1932,1.6262,0.5856,-0.99276,-0.11535,-0.020337
-0.2432,1.621,0.5882,-0.99327,-0.10884,0.015472
-0.29325,1.617,0.5921,-0.9938,-0.0949,0.046676
-0.3431,1.6139,0.59455,-0.99564,-0.078412,0.04764
-0.39235,1.6109,0.59975,-0.99426,-0.068459,0.076352
-0.44125,1.6067,0.6088,-0.9872,-0.077167,0.12882
-0.49035,1.6024,0.62065,-0.97872,-0.080016,0.18128
-0.5389,1.5998,0.63295,-0.97403,-0.066834,0.21347
-0.58535,1.5972,0.64865,-0.96028,-0.05969,0.26684
-0.631,1.5928,0.6672,-0.94244,-0.073604,0.32085
-0.677,1.5877,0.6871,-0.9285,-0.088616,0.3581
-0.7212,1.5841,0.70965,-0.90876,-0.079463,0.40625
-0.7639,1.582,0.73565,-0.88163,-0.061441,0.46328
-0.8068,1.5819,0.7619,-0.8684,-0.031878,0.49289
-0.8491,1.5853,0.79015,-0.84966,0.017478,0.52349
-0.8905,1.5857,0.81765,-0.84199,0.012653,0.53904
-0.93025,1.5859,0.84875,-0.81492,0.0083634,0.57757
-0.969,1.588,0.88095,-0.79207,0.024707,0.6085
-1.0082,1.5879,0.9122,-0.7875,0.01203,0.61601
-1.0481,1.5892,0.9418,-0.7951,0.019628,0.60599
-1.0861,1.5891,0.9747,-0.77562,0.0081332,0.63028
-1.121,1.5907,1.0093,-0.7433,0.020166,0.66677
-1.1572,1.5909,1.0436,-0.73484,0.01173,0.67795
-1.1944,1.5908,1.0767,-0.74111,0.0054873,0.67127
-1.2262,1.5901,1.1167,-0.68109,-0.0045552,0.72748
-1.2567,1.59,1.1544,-0.65659,-0.0029253,0.7534
-1.2902,1.5913,1.1916,-0.66324,0.011814,0.74812
-1.3185,1.5923,1.2325,-0.61538,0.01607,0.7857
-1.3462,1.593,1.2738,-0.58725,0.014372,0.80847
-1.372,1.5941,1.3171,-0.54977,0.018384,0.83387
-1.3953,1.5966,1.3611,-0.50829,0.034368,0.85898
-1.4164,1.5951,1.4058,-0.46847,0.0016991,0.88168
-1.4341,1.5953,1.4519,-0.41308,0.0038525,0.9086
-1.4472,1.5954,1.4997,-0.34,0.0021577,0.93713
-1.4591,1.5964,1.5466,-0.29292,0.0114,0.9547
-1.4633,1.5962,1.596,-0.18938,0.0036828,0.97614
-1.4628,1.5962,1.6461,-0.090375,0.0014129,0.99082
-1.4574,1.595,1.6966,0.0082948,-0.010543,0.99491
-1.4524,1.594,1.7355,0.067101,-0.017956,0.99582
-1.4377,1.5919,1.7818,0.18486,-0.031091,0.97485
-1.4171,1.5902,1.8271,0.30035,-0.031964,0.94574
-1.3955,1.5884,1.8728,0.36499,-0.033819,0.92797
-1.3703,1.5864,1.9152,0.43804,-0.037677,0.89455
-1.3417,1.5838,1.9561,0.50628,-0.044689,0.85767
-1.3099,1.5794,1.9939,0.57376,-0.066808,0.81189
-1.2776,1.5753,2.0305,0.61776,-0.074921,0.78089
-1.2424,1.57,2.0644,0.66731,-0.092277,0.73578
-1.2073,1.5591,2.0991,0.68165,-0.15362,0.71219
-1.1711,1.5424,2.1317,0.69297,-0.23976,0.6732
-1.1361,1.528,2.1633,0.70333,-0.26561,0.65863
-1.0947,1.5125,2.1894,0.75508,-0.2842,0.58343
-1.0546,1.497,2.215,0.7797,-0.2976,0.54913
-1.0141,1.4809,2.239,0.79722,-0.31031,0.51634
-0.97145,1.4678,2.2633,0.8188,-0.28462,0.49704
-0.92865,1.4543,2.286,0.83509,-0.27634,0.4748
-0.88685,1.4416,2.3088,0.84178,-0.26763,0.46864
-0.84425,1.4306,2.3312,0.85229,-0.24497,0.46143
-0.8003,1.421,2.3523,0.86875,-0.21906,0.44271
-0.7565,1.4126,2.3758,0.86915,-0.1935,0.45426
-0.71175,1.4058,2.3977,0.87974,-0.16405,0.44507
-0.6678,1.4018,2.4196,0.88573,-0.12298,0.44569
-0.62235,1.4033,2.4409,0.89612,-0.046486,0.4344
-0.5755,1.4089,2.4569,0.91959,0.032847,0.3785
-0.52875,1.4311,2.4708,0.89814,0.22369,0.32041
-0.48535,1.4527,2.4841,0.89013,0.32954,0.29511
-0.44405,1.4801,2.4948,0.85514,0.43561,0.25439
-0.4079,1.5122,2.5079,0.79162,0.53972,0.25881
-0.37745,1.5463,2.5242,0.71211,0.62351,0.29842
-0.36005,1.5827,2.546,0.54866,0.71129,0.38744
-0.36355,1.6194,2.5761,0.24379,0.74876,0.51466
-0.3924,1.6526,2.6115,-0.12607,0.692,0.58691
